2.4494897427831780981972840747058913919659474806566701284326925672509603774573
15026539859433104640234818594601226614189124858865459837757341625783951237278552
82891274752767657124763010527091177022348131067898669085363244335254560403380880
89393745855678465747243613041442702702161742018383000815898078380130897007286939
93630837158094400800443738687549164514653939145012044726448133316293510944741813
51328549504446617172663142549764831812450401156604536459009343586167931983665666
26690913190653586376610525815617936623617911029467208835457551288355298983241005
58690205006415466124117353399410431057992898467339532552787360418296551718303910
36780038362316629732330282904977391047426360070512637697546888677006409929559257
17328464502888091514425746302602952963237075525034227559915454262812980030646720
79942425302287842620534067947860046596939979935597540616713586546534562482082562
76886369280941306372433508864801572484633723244737954548814438479336370091974101
47785232875591063159846078310367009535324726423167141887586237415065044350403747
25535497411142192394243153077360327509553325786889847836191120374116031947936824
64025252772685104435575535253745035039530471232175828990454869859235639012327506
32903581829533782998163763115637086365842405363187768692305041268903197313421248
52438330794967512415853943140633834891170210521025772596434062471274990297394166
16342145235987312030010205679987938052760428128200199627396801043786428313772882
46585671381125105085643512733015660283503885638262315627956724892796463836862674
27306681847529790526938681538858933549259857617862340639985853145560184948483512
39927509385926872973354881647774884462487704977020001831842880951820400115744979
60704206733805744507203134268915617921411300590586517622943215506564109572274158
36788171795154122702410593696442721864393920197142667033423630109077048647194122
