1.7320508075688772935274463415058723669428052538103806280558069794519330169088
00037081146186757248575675626141415406703029969945094998952478811655512094373648
52809323190230558206797482010108467492326501531234326690332288665067225466892183
79712270471316603678615880190499865373798593894676503475065760507566183481296061
00947602187190325083145829523959832997789824508288714463832917347224163984587855
39766795806381835366611084317378089437831610208830552490167002352071114428869599
09563657970871684980728994932964842830207864086039887386975375823173178313959929
83007838702877053913369563312103707264019249106768231199288375641141422016742752
10237299427083105989845947598766428889779614783795839022885485290357603385280806
43819723446610596897228728652641538226646984200211954841552784411812865345070351
91650016689294415480846071277143999762926834629577438361895110127148638746976545
98245178855097537901388066496191196222295711055524292372319219773826256163146884
20328537166829386496119170497388363954959381457576718533736331259108996554246248
34787197605235997769192323570220305302840385915414971072429559206706202509520175
96318587276635997528366343108015066585371064732853862592226058222051040368027029
75047987280794616581004170526819400190957334621759438936702493204226910343698124
63720111185261084268910299720311202100063507176374582405203847555197279933797614
90610789498554422332600401885130363156114488684728158928816324518726506664538487
75991625766428721112408420680167635171001029431807155151909616424609070394081292
16903517492961364004139670431041253632327030922577327960292376597745537095469115
74214042423078199232761740190642451245487751686269610533369421621360539460424565
41401285330078136334498567364067039773422298119610429255345016014059404795471545
34548407271737656262366549166640233006013265744070107836858468452313160467754480
50040224063991197036221860292023886715071101716940029686875966350004089531621423
34252279568340670134701859020283607167621477434934495635958080821304425864694685
22610908263353008756612603460672195404055984128912975994810000772057440230047673
