2.6457513110645905905016157536392604257102591830824501803683344592010688232302
83627760392886474543610615064578338497463095743529888627214784427390555880107722
71715072972832389229968959486508726070097805420372382802371594110034193911600157
85255963059457410351523968027164073737990740415815199044034743194536713997305970
05051399692237545616097119027378154991633288287704000657570674651963497752083793
81811461309087647378659562433057994798128163230705483650107715617946361191553454
53647749482059309049484983403398900210478616673327950369392462257170537164925787
54832290732492671346980298949908037748251109227895568897919808814834090831685251
33535829539172211770714414974576907081989444441458972284741400303502353203719487
07382629318519364090832280596462783761021959794197089096354695861341181793067816
21360849101677835321255633463490021898146042255929503669562418692737327715022087
52309966469813203212818945478568020950635962446628550076190504139350447437123488
52233277362510045059621080672334698120004300514490251206257311759115423194459672
60497833404344683725636178255048160879406205511486397833055016369470076387773745
19511658095220474202064982102444056001996590904100285534069110102261166807200774
83070332613842826296809502470794656496344336830519708820348050486447262317930876
95722489377521119788376007845603903658809421599292501057753682356001720074065236
92473209967419778002535708540617794442886681589731184938101638162073015642647016
29841099690071341323798188477647769954391111945967670336972452475367740100245826
51593077528163005479339717508017899520565284447796194304512502890432970610508746
04492966897542257133380633247034508888234275409806214511439553803393190705392738
14520604335238180389333294731479058055670704161068722878104529957696633035133295
04704245502510500789645502552271857923370921821991843932537781386785650143790894
13002099040860186605228131329821735251716419633617853080179022873400337109527257
