3.1622776601683793319988935444327185337195551393252168268575048527925944386392
38221344248108379300295187347284152840055148548856030453880014690519596700153903
34492165717925994065915015347411333948412408531692957709047157646104436925787906
20378086099418283717115484063285529991185968245642033269616046913143361289497918
90266529543612676178781350061388186278580463683134952478031143769334671973819513
18567840323124179540221830804587284461460025357757970282864402902440797789603454
39891633492226526120677926516760310484366977937569261557205003698949094694218500
07358348844643882731109289109042348054235653403907274019786543725939641726001306
99000095578446310962679069441833613018130289454170331580773162638639519379370465
47652206320636865871978220493124260534541116093569798281324522970007988835237595
85328579251362964686511497675217123459559238039375625125369855194955325099947038
84399033646616547064723499979613234340302185705218783667634578951073298287515794
52157716521396263244383990184845609357626020316768042407958946934247814145806514
30453325889714467693111375924047050770185460439272128358941921437984326343229410
06984177383356072691110712554927456184170775865444207602567834182037414829455461
53472099341059170235622611591140473275429162701127030178169587324472410986149295
95088080751785265560628316835297689579890021578592912442089113168034811561162320
83915832885670338625331287564212313846779116107048229600330167258339012323766659
67366530971386085915657236173634055705171823291890520425769728252651079969503911
42262202088837807123748218950153017490956366467076825784780918448457105188096813
28587668240708172665991235572497841053130896624564412590221567524848859965422587
42614520768470073032481574832497802205147376571890946983085120553034542635809294
47135196518826696099455079119431515805936837706980291069588984124740166702629048
85526837868103350828132465096364896218884537037034045726444585171292295826139882
